1	0.708508	0.542613	0.0192442	0.0308316	0.00654569	0.00290958	0.0278535	0.0590693
0.708508	1	0.637071	0.0291974	0.0255987	0.0124946	0.00394433	0.00732008	0.017193
0.542613	0.637071	1	0.0361451	0.0399681	0.00335683	0.00629664	0.01836	0.0230404
0.0192442	0.0291974	0.0361451	1	0.734048	0.0797739	0.036978	0.00676206	0.011297
0.0308316	0.0255987	0.0399681	0.734048	1	0.123214	0.036217	0.0101184	0.0022485
0.00654569	0.0124946	0.00335683	0.0797739	0.123214	1	0.0136587	0.00742795	0.00105569
0.00290958	0.00394433	0.00629664	0.036978	0.036217	0.0136587	1	0.00320575	0.0547449
0.0278535	0.00732008	0.01836	0.00676206	0.0101184	0.00742795	0.00320575	1	0.004429
0.0590693	0.017193	0.0230404	0.011297	0.0022485	0.00105569	0.0547449	0.004429	1
